Function A: ADD 362
Function B: MULTIPLY 93
Function C: RAISE TO THE POWER OF 3

1279
6828
9729
5353
9564
8014
1565
7909
6498
1752
8097
8767
6471
6628
8547
3497
3833
9933
3749
4216
9191
7879
1136
8016
4990
9552
4406
3325
1798
9116
4591
3413
2232
1948
3009
4685
4437
2777
3074
3130
2956
1919
9220
8565
3555
9308
3341
3474
4850
3287
5177
6788
5474
7245
6870
4113
3893
5946
5554
1317
4326
5166
1706
8894
4159
1734
8316
1922
3254
3507
4074
8938
7190
6933
1092
1202
2233
3142
6097
9575
9140
4158
4586
5647
6414
1868
2269
9237
9604
7125
3053
7181
5319
5695
5336
3571
2335
8439
4612
1012
9795
